3 2 
123 123 123 
3 3 
123 123 123 
4 1 
123 123 123 
4 2 
123 123 123 
4 3 
123 123 123 
4 4 
123 123 123 
4 23 
123 12 123 
4 23 
123 13 123 
14 3 
13 132 123 
14 3 
23 231 231 
14 3 
123 13 123 
14 3 
123 23 231 
14 3 
123 123 13 
14 3 
123 123 23 
14 4 
13 132 132 
14 4 
23 231 231 
14 4 
123 13 132 
14 4 
123 23 231 
14 4 
123 123 13 
14 4 
123 123 23 
23 3 
123 13 123 
23 3 
123 23 123 
24 1 
123 13 132 
24 1 
123 23 231 
24 1 
123 123 13 
24 1 
123 123 23 
24 2 
123 13 132 
24 2 
123 23 231 
24 2 
123 123 13 
24 2 
123 123 23 
24 3 
123 13 123 
24 3 
123 23 231 
24 3 
123 123 13 
24 3 
123 123 23 
24 4 
123 13 132 
24 4 
123 23 231 
24 4 
123 123 13 
24 4 
123 123 23 
34 1 
123 123 13 
34 1 
123 123 23 
34 2 
123 123 13 
34 2 
123 123 23 
34 3 
123 123 13 
34 3 
123 123 23 
34 4 
123 123 13 
34 4 
123 123 23 
14 14 
1 123 123 
14 14 
2 213 213 
14 14 
3 312 312 
14 14 
12 13 132 
14 14 
12 23 231 
14 14 
12 123 13 
14 14 
12 123 23 
14 14 
13 12 123 
14 14 
13 32 321 
14 14 
13 132 12 
14 14 
13 132 32 
14 14 
23 21 213 
14 14 
23 31 312 
14 14 
23 231 21 
14 14 
23 231 31 
14 14 
123 1 123 
14 14 
123 2 213 
14 14 
123 3 312 
14 14 
123 12 13 
14 14 
123 12 23 
14 14 
123 13 12 
14 14 
123 13 32 
14 14 
123 23 21 
14 14 
123 23 31 
14 14 
123 123 1 
14 14 
123 123 2 
14 14 
123 123 3 
14 23 
13 12 123 
14 23 
13 13 123 
14 23 
23 21 231 
14 23 
23 31 231 
14 23 
123 1 123 
14 23 
123 2 231 
14 23 
123 3 231 
14 23 
123 12 13 
14 23 
123 12 23 
14 23 
123 13 13 
14 23 
123 13 23 
23 23 
123 1 123 
23 23 
123 2 123 
23 23 
123 3 123 
24 13 
12 13 123 
24 13 
12 23 231 
24 13 
12 123 13 
24 13 
12 123 23 
24 13 
13 13 123 
24 13 
13 23 231 
24 13 
13 123 13 
24 13 
13 123 23 
24 13 
123 1 123 
24 13 
123 2 231 
24 13 
123 3 231 
24 13 
123 12 13 
24 13 
123 12 23 
24 13 
123 13 13 
24 13 
123 13 23 
24 14 
12 13 132 
24 14 
12 23 231 
24 14 
12 123 13 
24 14 
12 123 23 
24 14 
13 13 132 
24 14 
13 23 231 
24 14 
13 123 13 
24 14 
13 123 23 
24 14 
123 1 123 
24 14 
123 2 213 
24 14 
123 3 312 
24 14 
123 12 13 
24 14 
123 12 23 
24 14 
123 13 12 
24 14 
123 13 32 
24 14 
123 23 21 
24 14 
123 23 31 
24 14 
123 123 1 
24 14 
123 123 2 
24 14 
123 123 3 
24 23 
123 1 123 
24 23 
123 2 231 
24 23 
123 3 231 
24 23 
123 12 13 
24 23 
123 12 23 
24 23 
123 13 13 
24 23 
123 13 23 
24 24 
123 1 123 
24 24 
123 2 213 
24 24 
123 3 312 
24 24 
123 12 13 
24 24 
123 12 23 
24 24 
123 13 12 
24 24 
123 13 32 
24 24 
123 23 21 
24 24 
123 23 31 
24 24 
123 123 1 
24 24 
123 123 2 
24 24 
123 123 3 
34 12 
12 123 13 
34 12 
12 123 23 
34 12 
13 123 13 
34 12 
13 123 23 
34 13 
12 123 13 
34 13 
12 123 23 
34 13 
13 132 13 
34 13 
13 132 23 
34 13 
123 12 13 
34 13 
123 12 23 
34 13 
123 13 13 
34 13 
123 13 23 
34 14 
12 123 13 
34 14 
12 123 23 
34 14 
13 132 13 
34 14 
13 132 23 
34 14 
123 12 13 
34 14 
123 12 23 
34 14 
123 13 13 
34 14 
123 13 23 
34 14 
123 123 1 
34 14 
123 123 2 
34 14 
123 123 3 
34 23 
123 12 13 
34 23 
123 12 23 
34 23 
123 13 13 
34 23 
123 13 23 
34 24 
123 12 13 
34 24 
123 12 23 
34 24 
123 13 13 
34 24 
123 13 23 
34 24 
123 123 1 
34 24 
123 123 2 
34 24 
123 123 3 
34 34 
123 123 1 
34 34 
123 123 2 
34 34 
123 123 3 
134 1 
13 132 13 
134 1 
13 132 23 
134 1 
23 231 13 
134 1 
23 231 23 
134 1 
123 13 13 
134 1 
123 13 23 
134 1 
123 23 13 
134 1 
123 23 23 
134 2 
13 123 13 
134 2 
13 123 23 
134 2 
23 231 13 
134 2 
23 231 23 
134 2 
123 13 13 
134 2 
123 13 23 
134 2 
123 23 13 
134 2 
123 23 23 
134 3 
13 132 13 
134 3 
13 132 23 
134 3 
23 231 13 
134 3 
23 231 23 
134 3 
123 13 13 
134 3 
123 13 23 
134 3 
123 23 13 
134 3 
123 23 23 
134 4 
13 132 13 
134 4 
13 132 23 
134 4 
23 231 13 
134 4 
23 231 23 
134 4 
123 13 13 
134 4 
123 13 23 
134 4 
123 23 13 
134 4 
123 23 23 
234 1 
123 13 13 
234 1 
123 13 23 
234 1 
123 23 13 
234 1 
123 23 23 
234 2 
123 13 13 
234 2 
123 13 23 
234 2 
123 23 13 
234 2 
123 23 23 
234 3 
123 13 13 
234 3 
123 13 23 
234 3 
123 23 13 
234 3 
123 23 23 
234 4 
123 13 13 
234 4 
123 13 23 
234 4 
123 23 13 
234 4 
123 23 23 
134 12 
1 123 13 
134 12 
1 123 23 
134 12 
2 231 13 
134 12 
2 231 23 
134 12 
3 231 13 
134 12 
3 231 23 
134 12 
12 13 13 
134 12 
12 13 23 
134 12 
12 23 13 
134 12 
12 23 23 
134 12 
13 13 13 
134 12 
13 13 23 
134 12 
13 23 13 
134 12 
13 23 23 
134 13 
1 123 13 
134 13 
1 123 23 
134 13 
2 213 13 
134 13 
2 213 23 
134 13 
3 312 13 
134 13 
3 312 23 
134 13 
12 13 13 
134 13 
12 13 23 
134 13 
12 23 13 
134 13 
12 23 23 
134 13 
13 12 13 
134 13 
13 12 23 
134 13 
13 32 13 
134 13 
13 32 23 
134 13 
23 21 13 
134 13 
23 21 23 
134 13 
23 31 13 
134 13 
23 31 23 
134 13 
123 1 13 
134 13 
123 1 23 
134 13 
123 2 13 
134 13 
123 2 23 
134 13 
123 3 13 
134 13 
123 3 23 
134 14 
1 123 13 
134 14 
1 123 23 
134 14 
2 213 13 
134 14 
2 213 23 
134 14 
3 312 31 
134 14 
3 312 32 
134 14 
12 13 13 
134 14 
12 13 23 
134 14 
12 23 13 
134 14 
12 23 23 
134 14 
13 12 13 
134 14 
13 12 23 
134 14 
13 32 31 
134 14 
13 32 32 
134 14 
13 132 1 
134 14 
13 132 2 
134 14 
13 132 3 
134 14 
23 21 13 
134 14 
23 21 23 
134 14 
23 31 31 
134 14 
23 31 32 
134 14 
23 231 1 
134 14 
23 231 2 
134 14 
23 231 3 
134 14 
123 1 13 
134 14 
123 1 23 
134 14 
123 2 13 
134 14 
123 2 23 
134 14 
123 3 31 
134 14 
123 3 32 
134 14 
123 13 1 
134 14 
123 13 2 
134 14 
123 13 3 
134 14 
123 23 1 
134 14 
123 23 2 
134 14 
123 23 3 
134 23 
13 12 13 
134 23 
13 12 23 
134 23 
13 13 13 
134 23 
13 13 23 
134 23 
23 21 13 
134 23 
23 21 23 
134 23 
23 31 13 
134 23 
23 31 23 
134 23 
123 1 13 
134 23 
123 1 23 
134 23 
123 2 13 
134 23 
123 2 23 
134 23 
123 3 13 
134 23 
123 3 23 
134 24 
13 12 13 
134 24 
13 12 23 
134 24 
13 13 13 
134 24 
13 13 23 
134 24 
13 123 1 
134 24 
13 123 2 
134 24 
13 123 3 
134 24 
23 21 13 
134 24 
23 21 23 
134 24 
23 31 31 
134 24 
23 31 32 
134 24 
23 231 1 
134 24 
23 231 2 
134 24 
23 231 3 
134 24 
123 1 13 
134 24 
123 1 23 
134 24 
123 2 13 
134 24 
123 2 23 
134 24 
123 3 31 
134 24 
123 3 32 
134 24 
123 13 1 
134 24 
123 13 2 
134 24 
123 13 3 
134 24 
123 23 1 
134 24 
123 23 2 
134 24 
123 23 3 
134 34 
13 132 1 
134 34 
13 132 2 
134 34 
13 132 3 
134 34 
23 231 1 
134 34 
23 231 2 
134 34 
23 231 3 
134 34 
123 13 1 
134 34 
123 13 2 
134 34 
123 13 3 
134 34 
123 23 1 
134 34 
123 23 2 
134 34 
123 23 3 
234 12 
12 13 13 
234 12 
12 13 23 
234 12 
12 23 13 
234 12 
12 23 23 
234 12 
13 13 13 
234 12 
13 13 23 
234 12 
13 23 13 
234 12 
13 23 23 
234 13 
12 13 13 
234 13 
12 13 23 
234 13 
12 23 13 
234 13 
12 23 23 
234 13 
13 13 13 
234 13 
13 13 23 
234 13 
13 23 13 
234 13 
13 23 23 
234 13 
123 1 13 
234 13 
123 1 23 
234 13 
123 2 13 
234 13 
123 2 23 
234 13 
123 3 13 
234 13 
123 3 23 
234 14 
12 13 13 
234 14 
12 13 23 
234 14 
12 23 13 
234 14 
12 23 23 
234 14 
13 13 13 
234 14 
13 13 23 
234 14 
13 23 13 
234 14 
13 23 23 
234 14 
123 1 13 
234 14 
123 1 23 
234 14 
123 2 13 
234 14 
123 2 23 
234 14 
123 3 31 
234 14 
123 3 32 
234 14 
123 13 1 
234 14 
123 13 2 
234 14 
123 13 3 
234 14 
123 23 1 
234 14 
123 23 2 
234 14 
123 23 3 
234 23 
123 1 13 
234 23 
123 1 23 
234 23 
123 2 13 
234 23 
123 2 23 
234 23 
123 3 13 
234 23 
123 3 23 
234 24 
123 1 13 
234 24 
123 1 23 
234 24 
123 2 13 
234 24 
123 2 23 
234 24 
123 3 31 
234 24 
123 3 32 
234 24 
123 13 1 
234 24 
123 13 2 
234 24 
123 13 3 
234 24 
123 23 1 
234 24 
123 23 2 
234 24 
123 23 3 
234 34 
123 13 1 
234 34 
123 13 2 
234 34 
123 13 3 
234 34 
123 23 1 
234 34 
123 23 2 
234 34 
123 23 3 
1234 3 
13 13 13 
1234 3 
13 13 23 
1234 3 
13 23 13 
1234 3 
13 23 23 
1234 3 
23 13 13 
1234 3 
23 13 23 
1234 3 
23 23 13 
1234 3 
23 23 23 
1234 4 
13 13 13 
1234 4 
13 13 23 
1234 4 
13 23 13 
1234 4 
13 23 23 
1234 4 
23 13 13 
1234 4 
23 13 23 
1234 4 
23 23 13 
1234 4 
23 23 23 
134 124 
1 12 13 
134 124 
1 12 23 
134 124 
1 13 13 
134 124 
1 13 23 
134 124 
1 123 1 
134 124 
1 123 2 
134 124 
1 123 3 
134 124 
2 21 13 
134 124 
2 21 23 
134 124 
2 31 31 
134 124 
2 31 32 
134 124 
2 231 1 
134 124 
2 231 2 
134 124 
2 231 3 
134 124 
3 21 13 
134 124 
3 21 23 
134 124 
3 31 31 
134 124 
3 31 32 
134 124 
3 231 1 
134 124 
3 231 2 
134 124 
3 231 3 
134 124 
12 1 13 
134 124 
12 1 23 
134 124 
12 2 13 
134 124 
12 2 23 
134 124 
12 3 31 
134 124 
12 3 32 
134 124 
12 13 1 
134 124 
12 13 2 
134 124 
12 13 3 
134 124 
12 23 1 
134 124 
12 23 2 
134 124 
12 23 3 
134 124 
13 1 13 
134 124 
13 1 23 
134 124 
13 2 13 
134 124 
13 2 23 
134 124 
13 3 31 
134 124 
13 3 32 
134 124 
13 13 1 
134 124 
13 13 2 
134 124 
13 13 3 
134 124 
13 23 1 
134 124 
13 23 2 
134 124 
13 23 3 
134 134 
1 123 1 
134 134 
1 123 2 
134 134 
1 123 3 
134 134 
2 213 1 
134 134 
2 213 2 
134 134 
2 213 3 
134 134 
3 312 1 
134 134 
3 312 2 
134 134 
3 312 3 
134 134 
12 13 1 
134 134 
12 13 2 
134 134 
12 13 3 
134 134 
12 23 1 
134 134 
12 23 2 
134 134 
12 23 3 
134 134 
13 12 1 
134 134 
13 12 2 
134 134 
13 12 3 
134 134 
13 32 1 
134 134 
13 32 2 
134 134 
13 32 3 
134 134 
23 21 1 
134 134 
23 21 2 
134 134 
23 21 3 
134 134 
23 31 1 
134 134 
23 31 2 
134 134 
23 31 3 
134 134 
123 1 1 
134 134 
123 1 2 
134 134 
123 1 3 
134 134 
123 2 1 
134 134 
123 2 2 
134 134 
123 2 3 
134 134 
123 3 1 
134 134 
123 3 2 
134 134 
123 3 3 
234 123 
12 1 13 
234 123 
12 1 23 
234 123 
12 2 13 
234 123 
12 2 23 
234 123 
12 3 13 
234 123 
12 3 23 
234 123 
13 1 13 
234 123 
13 1 23 
234 123 
13 2 13 
234 123 
13 2 23 
234 123 
13 3 13 
234 123 
13 3 23 
234 124 
12 1 13 
234 124 
12 1 23 
234 124 
12 2 13 
234 124 
12 2 23 
234 124 
12 3 31 
234 124 
12 3 32 
234 124 
12 13 1 
234 124 
12 13 2 
234 124 
12 13 3 
234 124 
12 23 1 
234 124 
12 23 2 
234 124 
12 23 3 
234 124 
13 1 13 
234 124 
13 1 23 
234 124 
13 2 13 
234 124 
13 2 23 
234 124 
13 3 31 
234 124 
13 3 32 
234 124 
13 13 1 
234 124 
13 13 2 
234 124 
13 13 3 
234 124 
13 23 1 
234 124 
13 23 2 
234 124 
13 23 3 
234 134 
12 13 1 
234 134 
12 13 2 
234 134 
12 13 3 
234 134 
12 23 1 
234 134 
12 23 2 
234 134 
12 23 3 
234 134 
13 13 1 
234 134 
13 13 2 
234 134 
13 13 3 
234 134 
13 23 1 
234 134 
13 23 2 
234 134 
13 23 3 
234 134 
123 1 1 
234 134 
123 1 2 
234 134 
123 1 3 
234 134 
123 2 1 
234 134 
123 2 2 
234 134 
123 2 3 
234 134 
123 3 1 
234 134 
123 3 2 
234 134 
123 3 3 
234 234 
123 1 1 
234 234 
123 1 2 
234 234 
123 1 3 
234 234 
123 2 1 
234 234 
123 2 2 
234 234 
123 2 3 
234 234 
123 3 1 
234 234 
123 3 2 
234 234 
123 3 3 
1234 14 
1 13 13 
1234 14 
1 13 23 
1234 14 
1 23 13 
1234 14 
1 23 23 
1234 14 
2 13 13 
1234 14 
2 13 23 
1234 14 
2 23 13 
1234 14 
2 23 23 
1234 14 
3 31 31 
1234 14 
3 31 32 
1234 14 
3 32 31 
1234 14 
3 32 32 
1234 14 
13 1 13 
1234 14 
13 1 23 
1234 14 
13 2 13 
1234 14 
13 2 23 
1234 14 
13 3 31 
1234 14 
13 3 32 
1234 14 
13 13 1 
1234 14 
13 13 2 
1234 14 
13 13 3 
1234 14 
13 23 1 
1234 14 
13 23 2 
1234 14 
13 23 3 
1234 14 
23 1 13 
1234 14 
23 1 23 
1234 14 
23 2 13 
1234 14 
23 2 23 
1234 14 
23 3 31 
1234 14 
23 3 32 
1234 14 
23 13 1 
1234 14 
23 13 2 
1234 14 
23 13 3 
1234 14 
23 23 1 
1234 14 
23 23 2 
1234 14 
23 23 3 
1234 23 
13 1 13 
1234 23 
13 1 23 
1234 23 
13 2 13 
1234 23 
13 2 23 
1234 23 
13 3 13 
1234 23 
13 3 23 
1234 23 
23 1 13 
1234 23 
23 1 23 
1234 23 
23 2 13 
1234 23 
23 2 23 
1234 23 
23 3 13 
1234 23 
23 3 23 
1234 24 
13 1 13 
1234 24 
13 1 23 
1234 24 
13 2 13 
1234 24 
13 2 23 
1234 24 
13 3 31 
1234 24 
13 3 32 
1234 24 
13 13 1 
1234 24 
13 13 2 
1234 24 
13 13 3 
1234 24 
13 23 1 
1234 24 
13 23 2 
1234 24 
13 23 3 
1234 24 
23 1 13 
1234 24 
23 1 23 
1234 24 
23 2 13 
1234 24 
23 2 23 
1234 24 
23 3 31 
1234 24 
23 3 32 
1234 24 
23 13 1 
1234 24 
23 13 2 
1234 24 
23 13 3 
1234 24 
23 23 1 
1234 24 
23 23 2 
1234 24 
23 23 3 
1234 34 
13 13 1 
1234 34 
13 13 2 
1234 34 
13 13 3 
1234 34 
13 23 1 
1234 34 
13 23 2 
1234 34 
13 23 3 
1234 34 
23 13 1 
1234 34 
23 13 2 
1234 34 
23 13 3 
1234 34 
23 23 1 
1234 34 
23 23 2 
1234 34 
23 23 3 
